4.183492618208701
4.167155700241571
4.147400352826677
4.125629331733341
4.119167952324025
4.116167684531325
4.1093457577647765
4.089134362838761
4.085270164000574
4.067749096062817
4.049151442642687
4.029836855554519
4.022370192869287
4.007415854613688
3.9997852777533094
3.9930691588456195
3.962904330539933
3.955803611185422
3.944144050136968
3.935382801618692
3.9069316277008905
3.894602018663539
3.879785278791621
3.8483149136415786
3.823351980318604
3.789243435655008
3.775427190826475
3.753529722011569
3.737289888480708
3.7226540627130245
3.705580015634892
3.666457388565183
3.6406653277341317
3.5993313165676195
3.570223527601277
3.5387283104962304
3.494029976575453
3.444298823349106
3.331746651902547
2.950877426081517
4.8246104912180865
5.342307770620506
3.8050444292722774
3.4084112817787315
3.2724493876597323
3.774250026761122
3.138135016258437
3.3784347632738787
2.9771459108591842
5.025358519567454
3.40597069791272
2.031501309708871
4.444670267406436
2.8114027747405275
2.530782050768862
4.592112993378655
2.3882623816135706
3.644369307356689
3.5280710835754747
2.7133598858362533
3.293635892736218
3.714800739426606
2.073259220696498
3.2454577548469374
1.4339908735812144
3.288212060938099
3.3875623178815943
3.7033389810653774
3.3934711018519494
2.4254557257621827
3.3565509720681406
2.458368983112875
2.7475008103993646
0.1200550529435119
5.3452437205286065
4.998435763950055
2.9477231926335734
3.994801347532628
3.5993536431600845
2.4374418919051224
5.021414332941908
5.846270082704513
5.585211535882634
0.31702564142540834
2.8604854620740086
3.605244914862658
2.889023539315714
1.364059491740255
3.212694873582882
1.9497415398747846
1.8894507185414524
1.8506290563980754
2.999795869354705
2.3961191607251693
3.032151051402208
3.147369884084212
5.784477882270671
3.2838035617685137
3.6502584817119783
3.113953930916216
1.036635583684186
2.8253460725806208
3.647076568031926
0.7538482759378325
4.030384675391516
4.5009974813663325
2.8583403621326497
2.20551091138818
3.362672699256342
3.091917356019897
3.064759314108612
0.2637624806164197
2.2283123772774744
0.19222127154180646
2.478797921176542
3.2799267955925573
3.893685603427335
2.671706761367949
2.4445965353539436
2.7014671117847002
4.732138220559064
3.924035968968204
3.409074119621762
5.131852018354002
3.0837653642706457
3.5018568130793484
3.1546707205315614
3.981524714241309
3.4604112261335858
3.4431154745840815
3.9461246027562624
3.8579816859694476
3.345844277403194
3.4271646224471284
3.3515652767244135
0.375160378305632
2.8670965051995467
3.52829393039046
2.2703201935148045
3.8130712722973628
3.7534955131648275
3.1628468589794836
3.992606031730594
4.524065891015737
3.4250301658493343
0.470681454750823
3.425712711660131
2.9653492273377524
3.5466395670682247
4.2428189124042595
3.368546995489082
3.199626585510116
3.245179099683155
2.723432443165271
3.800742091749163
3.3589684346063806
3.507815796715603
5.07440277991656
3.493593765316375
3.3219694794430894
5.76201272485133
1.747278216122629
2.492414088502214
1.6795737926129686
2.4226071921193277
2.694491277960081
3.10670598437604
3.1949978940827943
5.326067921380988
3.4194302224158535
3.120451876718361
3.460436056802413
3.5121232291013116
3.543723977515525
3.5695321508530555
3.59239813298108
3.6060500447283186
3.669219376044074
3.706136234901406
3.742567662630164
3.7588333852314464
3.7935715082519352
3.80800671883498
3.8380557999893754
3.875131785772608
3.9049007991069455
3.9381478843853355
3.9508113700202387
3.971531122356103
3.984663062861676
3.9949098793426914
4.003577247364445
4.0355434253247875
4.054556628239544
4.084762175074159
4.100037123864736
4.108090172335379
4.122626516339045
4.134444714879484
4.148516358796433
4.1593760482477276
4.178939907491914
4.188656316936735
4.192738452260853
4.211361406875872
4.215829475197308
4.218281230289007
4.220839001020684
4.224857023072927
4.2211880281310865
4.210314817631675
4.1985360000590415
4.202421481208409
4.203461403096673
4.202354551277137
4.203769185032781
4.21997241729459
4.225590990205708
4.221098600143533
4.2183182630146145
4.21971559448461
4.208695467353975
4.203378355992831
4.200703710355183
4.202030031908235
4.192276709289237
4.201583947441213
4.202553572556139
4.20785056573642
4.200405920825352
4.204596911765469
4.205655324178975
4.19607259473298
4.195901934959961
4.187263004207578
4.185630915622758
4.185913212982262
4.185526224409498
4.199121553266243
4.189656053303407
4.190062795104266
4.198238479147795
4.2046128520709285
4.194803012397349
4.1920833407080575
4.186772564358959
4.189055789572107
4.189308571023032
4.1918210738205826
4.198127120021757
4.183492618208687
4.167155700241571
4.14740035282667
4.125629331733334
4.119167952324011
4.116167684531318
4.1093457577647765
4.089134362838761
4.08527016400056
4.067749096062817
4.049151442642673
4.029836855554512
4.022370192869287
4.007415854613674
3.9997852777533023
3.9930691588456053
3.962904330539912
3.9558036111854076
3.944144050136961
3.9353828016186707
3.9069316277008834
3.8946020186635177
3.8797852787916067
3.8483149136415644
3.823351980318604
3.789243435655001
3.775427190826475
3.753529722011569
3.737289888480694
3.7226540627130174
3.7055800156348777
3.666457388565176
3.6406653277341317
3.5993313165676124
3.5702235276012626
3.538728310496195
3.49402997657546
3.4442988233490635
3.3317466519024546
2.9508774260816377
4.824610491217582
5.3423077706217
3.805044429272249
3.4084112817787173
3.272449387659711
3.774250026761108
3.138135016258366
3.3784347632738645
2.9771459108590776
5.02535851956702
3.405970697912713
2.0315013097085086
4.444670267406386
2.8114027747405346
2.5307820507688406
4.592112993378541
2.3882623816136346
3.6443693073566252
3.5280710835754463
2.7133598858361894
3.2936358927361966
3.714800739426599
2.0732592206965976
3.245457754846909
1.4339908735811717
3.288212060938092
3.38756231788163
3.7033389810653348
3.3934711018519637
2.4254557257622182
3.3565509720681193
2.458368983112939
2.7475008103993432
0.12005505294375349
5.345243720528663
4.9984357639500905
2.947723192633545
3.9948013475326136
3.5993536431600845
2.4374418919050016
5.0214143329418865
5.846270082704108
5.585211535882627
0.317025641425252
2.8604854620739517
3.6052449148626224
2.889023539315714
1.3640594917401059
3.212694873582889
1.9497415398747917
1.8894507185412037
1.8506290563981251
2.9997958693546907
2.3961191607251124
3.032151051402258
3.1473698840841977
5.7844778822706635
3.283803561768457
3.6502584817119996
3.113953930916216
1.036635583684378
2.8253460725806208
3.647076568031912
0.7538482759377686
4.030384675391445
4.5009974813663325
2.858340362132657
2.205510911388066
3.3626726992563776
3.091917356019883
3.0647593141086404
0.26376248061631313
2.2283123772774247
0.1922212715415862
2.4787979211764637
3.2799267955925218
3.893685603427349
2.671706761367956
2.444596535353844
2.7014671117846505
4.732138220558951
3.9240359689681186
3.4090741196217764
5.131852018353725
3.0837653642706457
3.5018568130793413
3.154670720531526
3.9815247142412806
3.4604112261335644
3.4431154745840744
3.9461246027562127
3.857981685969419
3.3458442774031796
3.4271646224471355
3.3515652767243993
0.3751603783055325
2.8670965051995467
3.5282939303904386
2.2703201935147193
3.813071272297377
3.7534955131648418
3.1628468589794765
3.9926060317305443
4.52406589101546
3.425030165849327
0.47068145475110723
3.425712711660117
2.9653492273377524
3.5466395670682247
4.242818912404309
3.3685469954890963
3.199626585510123
3.245179099683155
2.723432443165257
3.8007420917490635
3.3589684346063593
3.5078157967156387
5.074402779916787
3.493593765316368
3.3219694794430894
5.76201272485106
1.7472782161229772
2.4924140885019797
1.6795737926126986
2.4226071921193846
2.6944912779599033
3.1067059843761538
3.194997894082766
5.326067921382274
3.419430222415889
3.120451876718425
3.460436056802463
3.5121232291013045
3.5437239775155107
3.5695321508530555
3.5923981329810872
3.6060500447283115
3.669219376044081
3.706136234901399
3.742567662630178
3.7588333852314535
3.793571508251928
3.80800671883498
3.8380557999893683
3.875131785772601
3.9049007991069313
3.9381478843853213
3.9508113700202245
3.9715311223561174
3.984663062861669
3.994909879342677
4.003577247364431
4.035543425324773
4.05455662823953
4.084762175074152
4.100037123864736
4.108090172335379
4.122626516339059
4.13444471487947
4.148516358796426
4.1593760482477276
4.1789399074919
4.18865631693672
4.192738452260853
4.211361406875858
4.215829475197301
4.218281230288978
4.2208390010206625
4.2248570230729126
4.221188028131079
4.210314817631668
4.1985360000590415
4.202421481208388
4.203461403096673
4.202354551277123
4.203769185032767
4.219972417294583
4.225590990205694
4.2210986001435185
4.218318263014607
4.219715594484603
4.2086954673539605
4.2033783559928235
4.200703710355176
4.202030031908228
4.192276709289223
4.201583947441199
4.202553572556132
4.207850565736406
4.200405920825338
4.204596911765455
4.205655324178961
4.196072594732959
4.195901934959947
4.187263004207557
4.1856309156227365
4.185913212982241
4.185526224409477
4.199121553266229
4.189656053303393
4.190062795104259
4.198238479147788
4.204612852070914
4.194803012397342
4.192083340708043
4.186772564358959
4.189055789572093
4.189308571023025
4.191821073820547
4.19812712002175
