0.0017362555437886512
0.0009600344505692492
-0.0012343595502421175
-0.0009744921425898762
0.0006061173649272633
-0.0019830846473972968
-0.002816189543912293
-0.0021962220269056447
0.003194575080181444
0.0034429079514497352
-0.0054601540921459775
-0.004980163171543541
0.004434737613808535
-0.00014425489728688167
0.006246107820317206
0.009067855959313862
-0.0021735479964604958
-0.0005478599149481247
0.0039021848050925807
-0.00043373277908001777
-0.012502640584781866
-0.017969615644287777
0.0162742034004809
-0.01736112112278692
-0.00952618708792575
-0.008228295802810336
0.004743982679813448
0.0031160107617936137
-0.03170192779851519
0.02338114162995786
0.004245567892827957
-0.04062460577073985
0.040469556767319156
-0.014125513860191525
0.044217600131974066
-0.01360348002322169
-0.006848070897243965
0.03991730887633184
0.04476333747292249
0.07676814442442578
-0.05739067807840134
0.023487042282432976
-0.06770362595506413
-0.10390321870350873
-0.11265130193982796
0.11507153623469421
-0.09389203969230114
-0.019290404565782654
-0.07023537634168057
-0.18838570646939495
0.11791959353957694
-0.07365003717759354
-0.18271431506151717
0.04748464310691549
0.06257267634512251
-0.07854026357894296
0.10163293572047676
-0.28144320638445275
-0.25471048037772565
0.3045999077720589
-0.4023285949549677
-0.053584237266252215
0.3524718922255557
-0.16371373049108476
0.3808648368101255
-0.09174977488443499
-0.06122572691389456
0.05812639868651209
-0.045199055546876005
-0.6254491102542484
-0.0331436120889492
-0.7533183826971905
-0.48046733055769325
0.7157996139683037
0.5869722039751193
0.5802414513446633
-0.23670240396944875
0.3137627327332793
0.13178657285978104
-0.9019979684153542
0.8688142103586292
1.1608784049730947
1.078446374074885
1.2384255645854287
-0.9525451207228394
0.20618213246626924
-1.3030795399627872
1.0321428564595303
-0.33994072923104285
1.254309475441332
1.1082824551462307
1.0042266804314943
-1.6782200299538097
1.7617750623903352
-1.161477567995062
-0.8441076189507777
0.7784325947471401
-0.5767785652540292
0.0529912604410754
-0.7689131650398099
1.3465833205550526
-1.5279594843670534
0.09075414218657214
1.8346382897660158
0.6149951924615757
0.8915388937010112
-1.0304315615941526
-2.4253109606314065
0.08201987942035412
-0.309273828212794
-0.14430963220871953
2.72861501283073
-1.503838514657792
-2.7540959633405957
-0.914513438008886
0.35828476822814376
1.6751463400145292
-0.5596474126428119
-0.7725221070417418
-0.4356707601543295
-2.578623141785702
2.7095204385446263
1.10819465902918
-2.019807005127354
0.11176489212274365
1.3051120060127273
0.1698631129430148
-2.8707933953444793
1.09285838800704
1.025318279616067
2.91223861446687
2.3853483171564953
0.653238863594718
0.9777317888059902
0.36306783548458066
-2.2601900532292327
-1.4903935420137149
0.7178061317048156
-2.4687551037399786
1.5418798204527921
1.257769109344141
-1.039288128162432
1.2350477947228875
1.5258309176692144
-0.05070021168714337
1.6290664738462695
-0.3575476066673381
1.9273258187536837
0.25858520519219735
0.736916098423102
-1.1720008564746849
1.6020770240253277
1.9918204550520966
0.6593297471124456
-0.11030817408551417
1.5160824792077525
1.6858335477072395
-0.07867807631476
1.0567331772883264
0.7409996369413766
-1.0965116824161893
-0.7767533653676758
-0.6617639591425816
1.3879089110017075
1.36508046419732
1.0859460127604859
1.2685174994820583
1.0041919278564457
0.6165228360411513
-0.4445288492757938
0.5560105128272743
1.014283887068756
-0.13890621812194404
-0.37193238543075463
0.05488713761063721
-0.5767004322811107
0.47344746919536895
0.7597821558932492
0.07777840384035424
-0.6223899448838937
-0.11247999160928054
-0.5726757901057837
-0.28136170283891915
-0.4854264332507201
0.04515101837121157
0.3374273078369716
0.26851216012765394
-0.27962968266104443
-0.0903653915557386
0.07116017476794718
-0.05471379000869811
0.004918213063609551
0.014699525837757231
-0.2980826619500016
0.11633827973391392
0.11937090844013389
-0.07959598443003345
0.1332895006914666
-0.09960611289870344
-0.028782396217196703
-0.09600328711788397
0.07987222973941442
0.12769594180664098
-0.1385285973298289
0.020205717168728515
-0.03225989668365563
-0.07167592798481291
-0.05989676843439475
-0.0278794935190788
-0.033288603621395296
0.06416467690795882
-0.04677647593147497
-0.04325404768674984
-0.03494188764575378
-0.028472789985587253
-0.01702936418644439
0.028181308246912687
0.04453659518322527
0.03569696559605719
-0.023348552671092242
0.01648695848568624
0.01745700719333523
-0.018154254947060237
0.0002759972194412249
0.0056770993125758035
0.007397946085154409
0.004960475733845442
0.00328149300776921
-0.0013215989367193807
-0.0005141941299306366
0.004496640684637655
-0.006171813429318471
0.006000529079520373
0.0006600288475465537
-0.008095815942016252
0.005198301157392197
0.0014924716703741167
-0.0009070074957073599
0.002840162636734871
-0.002091868160755505
0.0030707838777333063
0.0004953755387681096
0.0021803033034270146
-0.00014699085087291016
-0.0014010958172676225
-0.002007752744210402
0.0010400901154836786
0.0009034286453320863
0.0007260261483958605
-0.0010563483538483418
0.0017362555437886512
0.0009600344505692492
-0.0012343595502421175
-0.0009744921425898762
0.0006061173649272633
-0.0019830846473972968
-0.002816189543912293
-0.0021962220269056447
0.003194575080181444
0.0034429079514497352
-0.0054601540921459775
-0.004980163171543541
0.004434737613808535
-0.00014425489728688167
0.006246107820317206
0.009067855959313862
-0.0021735479964604958
-0.0005478599149481247
0.0039021848050925807
-0.00043373277908001777
-0.012502640584781866
-0.017969615644287777
0.0162742034004809
-0.01736112112278692
-0.00952618708792575
-0.008228295802810336
0.004743982679813448
0.0031160107617936137
-0.03170192779851519
0.02338114162995786
0.004245567892827957
-0.04062460577073985
0.040469556767319156
-0.014125513860191525
0.044217600131974066
-0.01360348002322169
-0.006848070897243965
0.03991730887633184
0.04476333747292249
0.07676814442442578
-0.05739067807840134
0.023487042282432976
-0.06770362595506413
-0.10390321870350873
-0.11265130193982796
0.11507153623469421
-0.09389203969230114
-0.019290404565782654
-0.07023537634168057
-0.18838570646939495
0.11791959353957694
-0.07365003717759354
-0.18271431506151717
0.04748464310691549
0.06257267634512251
-0.07854026357894296
0.10163293572047676
-0.28144320638445275
-0.25471048037772565
0.3045999077720589
-0.4023285949549677
-0.053584237266252215
0.3524718922255557
-0.16371373049108476
0.3808648368101255
-0.09174977488443499
-0.06122572691389456
0.05812639868651209
-0.045199055546876005
-0.6254491102542484
-0.0331436120889492
-0.7533183826971905
-0.48046733055769325
0.7157996139683037
0.5869722039751193
0.5802414513446633
-0.23670240396944875
0.3137627327332793
0.13178657285978104
-0.9019979684153542
0.8688142103586292
1.1608784049730947
1.078446374074885
1.2384255645854287
-0.9525451207228394
0.20618213246626924
-1.3030795399627872
1.0321428564595303
-0.33994072923104285
1.254309475441332
1.1082824551462307
1.0042266804314943
-1.6782200299538097
1.7617750623903352
-1.161477567995062
-0.8441076189507777
0.7784325947471401
-0.5767785652540292
0.0529912604410754
-0.7689131650398099
1.3465833205550526
-1.5279594843670534
0.09075414218657214
1.8346382897660158
0.6149951924615757
0.8915388937010112
-1.0304315615941526
-2.4253109606314065
0.08201987942035412
-0.309273828212794
-0.14430963220871953
2.72861501283073
-1.503838514657792
-2.7540959633405957
-0.914513438008886
0.35828476822814376
1.6751463400145292
-0.5596474126428119
-0.7725221070417418
-0.4356707601543295
-2.578623141785702
2.7095204385446263
1.10819465902918
-2.019807005127354
0.11176489212274365
1.3051120060127273
0.1698631129430148
-2.8707933953444793
1.09285838800704
1.025318279616067
2.91223861446687
2.3853483171564953
0.653238863594718
0.9777317888059902
0.36306783548458066
-2.2601900532292327
-1.4903935420137149
0.7178061317048156
-2.4687551037399786
1.5418798204527921
1.257769109344141
-1.039288128162432
1.2350477947228875
1.5258309176692144
-0.05070021168714337
1.6290664738462695
-0.3575476066673381
1.9273258187536837
0.25858520519219735
0.736916098423102
-1.1720008564746849
1.6020770240253277
1.9918204550520966
0.6593297471124456
-0.11030817408551417
1.5160824792077525
1.6858335477072395
-0.07867807631476
1.0567331772883264
0.7409996369413766
-1.0965116824161893
-0.7767533653676758
-0.6617639591425816
1.3879089110017075
1.36508046419732
1.0859460127604859
1.2685174994820583
1.0041919278564457
0.6165228360411513
-0.4445288492757938
0.5560105128272743
1.014283887068756
-0.13890621812194404
-0.37193238543075463
0.05488713761063721
-0.5767004322811107
0.47344746919536895
0.7597821558932492
0.07777840384035424
-0.6223899448838937
-0.11247999160928054
-0.5726757901057837
-0.28136170283891915
-0.4854264332507201
0.04515101837121157
0.3374273078369716
0.26851216012765394
-0.27962968266104443
-0.0903653915557386
0.07116017476794718
-0.05471379000869811
0.004918213063609551
0.014699525837757231
-0.2980826619500016
0.11633827973391392
0.11937090844013389
-0.07959598443003345
0.1332895006914666
-0.09960611289870344
-0.028782396217196703
-0.09600328711788397
0.07987222973941442
0.12769594180664098
-0.1385285973298289
0.020205717168728515
-0.03225989668365563
-0.07167592798481291
-0.05989676843439475
-0.0278794935190788
-0.033288603621395296
0.06416467690795882
-0.04677647593147497
-0.04325404768674984
-0.03494188764575378
-0.028472789985587253
-0.01702936418644439
0.028181308246912687
0.04453659518322527
0.03569696559605719
-0.023348552671092242
0.01648695848568624
0.01745700719333523
-0.018154254947060237
0.0002759972194412249
0.0056770993125758035
0.007397946085154409
0.004960475733845442
0.00328149300776921
-0.0013215989367193807
-0.0005141941299306366
0.004496640684637655
-0.006171813429318471
0.006000529079520373
0.0006600288475465537
-0.008095815942016252
0.005198301157392197
0.0014924716703741167
-0.0009070074957073599
0.002840162636734871
-0.002091868160755505
0.0030707838777333063
0.0004953755387681096
0.0021803033034270146
-0.00014699085087291016
-0.0014010958172676225
-0.002007752744210402
0.0010400901154836786
0.0009034286453320863
0.0007260261483958605
-0.0010563483538483418
